16

30
6
6
30
-6
6
-30
-6
6

30
6
-6
-30
-6
-6
30
-6
-6

-30
6
6
30
6
6
-30
-6
6

-30
6
-6
-30
-6
-6
30
6
-6

6
-6
6
6
-30
6
-6
-30
6

6
-6
-6
-6
-30
-6
6
-30
-6

6
-6
6
-6
-30
6
-6
-6
6

6
-6
-6
-6
-6
-6
-6
-30
-6

30
6
6
30
6
-6
30
-6
6

-30
6
6
-30
-6
6
-30
6
-6

30
6
-6
30
-6
-6
30
-6
6

-30
6
-6
-30
-6
6
-30
-6
-6

6
-6
6
6
-6
-6
6
-30
6

-6
-6
6
-6
-30
6
-6
-6
-6

6
-6
-6
6
-30
-6
6
-30
6

-6
-6
-6
-6
-30
6
-6
-30
-6


